nn=3:
n=16384
gmt=12
P*t = 3 * 12 = 36 
umax = 3.725290e-09 
WallTime = 70.385781s 
