nn=4:
n=16384
gmt=9
P*t = 4 * 9 = 36 
umax = 3.725290e-09 
WallTime = 69.101409s 
